Elementos de Matematica I:45716,46736,46912,49490,49935,47972,45901,46232,49883,46461,46602,46327,47029,45682,47768,48558,49102,49539,49314,49698,45534,
Elementos de Matematica II:47452,45065,46871,47385,46343,45225,47684,48942,47921,47580,47851,45143,47164,46063,45721,49442,46943,49923,47453,47639,48913,47067,48041,45151,48099,
Fisica I:46412,48147,45668,49464,45708,49304,48812,45913,45896,46691,47573,48310,48105,48523,47094,45516,47688,47448,46378,45747,45166,48090,47951,
Fisica II:48470,49948,49590,49883,46704,46553,48626,46964,49546,49570,47507,49057,46185,48728,45024,48761,46205,48730,47449,49227,45482,47975,49271,47011,47861,
Programação I:46626,49225,48062,48562,48283,47449,48719,45428,47779,49018,47938,45300,46614,47850,45254,48278,46086,46842,45173,48546,48598,47199,47647,49437,46983,46230,45755,47049,
Programação II:47006,45115,47344,47919,47281,45213,46181,48283,48685,49505,48919,47718,47472,48293,45567,47691,45890,45072,48600,47174,45473,46339,45630,47266,46308,
Sistemas Operativos:47807,49010,46024,49555,49267,49931,49747,47790,48961,47716,49257,47203,49076,47568,48472,47624,47601,47604,49955,47859,46231,47777,49734,45484,48662,49814,48695,49954,
Aplicações Distribuidas:49786,45810,47828,49723,45133,49333,47063,46799,49553,47645,45047,49915,49371,47694,48716,47743,45819,48186,47720,49721,45122,49568,47393,47926,
Conceção de Produto:49343,48381,45719,46986,49670,47087,49543,49953,45066,47202,46412,47347,46528,46368,45623,47691,49440,45077,49854,47354,47212,47200,46930,47836,
Analise e Desenho de Software:48223,46179,45056,46397,49641,49397,46460,49537,46552,46205,45324,49381,46148,46968,49570,48639,49871,48093,45591,47024,46675,46161,48248,45526,47097,48870,
Testes de Software I:48546,49966,45759,49462,49728,49923,47258,45666,48549,48221,45352,49981,48257,45940,45083,46371,46973,45804,47640,46447,45861,48828,
Testes de Software II:46491,47415,48825,45805,45066,45342,47954,45210,47071,49992,47348,48491,48823,49823,46257,49024,47796,46900,47005,47129,47657,46316,45799,48437,
IoT I:45548,45986,47034,47947,47701,45352,45976,45568,48699,48192,45662,46299,48041,48204,48767,45909,47272,47736,46670,45649,47611,48250,
IoT II:45789,48867,49827,47808,45137,49067,49911,49216,47655,45654,46450,48510,49478,45581,49848,47485,46806,45521,47129,45551,47700,46195,
Projeto de Tecnologias de Informação:46547,49462,46222,47651,45706,47311,49473,49983,49039,48822,47977,47724,49307,47158,47492,47452,49419,46879,48447,46271,49236,47115,46716,
Projecto de Tecnologias de Redes:45654,47885,46102,45601,49435,47564,46758,45543,46875,49708,48789,46885,48866,46265,45575,48654,48287,49389,46726,49195,47436,48085,46113,47928,46965,49896,45790,46294,47655,47495,
Segurança Informática:47013,47131,49698,45936,48987,48036,48037,47593,48737,47283,49094,47937,47874,49072,47208,47442,47805,45985,45310,49846,48146,47559,46677,46648,49417,48656,45836,48739,
Estatistica I:46914,47163,47745,45663,48318,46083,47074,46543,46247,49587,48589,45169,49426,46426,49523,45929,46055,46343,46726,47064,48945,45806,47094,45112,45719,49534,
Estatistica II:49029,49477,47012,45749,48068,49264,46588,49409,46673,47683,45447,45114,47908,46284,48656,46102,48122,47059,46428,45558,
Redes de Computadores:46381,46972,46978,47313,47580,48231,47783,48478,48433,45033,48206,49687,48254,46141,45935,46929,49246,47073,45208,46783,48751,46480,48527,45220,45414,45464,
