Elementos de Matematica I:49199,48951,45012,46470,46252,48237,47880,48429,49626,49210,47357,49948,46558,46682,45231,48641,48872,45287,46065,48420,49901,48959,
Elementos de Matematica II:46042,46652,45637,45158,48511,46252,47130,46717,47687,48610,45507,47865,48750,47386,49197,45737,47365,47924,48196,48959,49243,49631,49639,47881,47716,45660,
Fisica I:45249,46705,46970,45830,46890,47879,47248,47619,46187,47001,48052,48155,49784,48300,48729,49813,49488,47670,49000,46775,49843,45889,47951,48225,48759,47523,45683,47990,45342,
Fisica II:45320,49378,49328,49948,47547,48799,45917,48381,47130,46741,47966,46123,47977,47373,47312,46182,49484,49393,47567,49080,47959,45699,46746,46917,
Programação I:47387,48725,46896,48271,46328,45863,49317,46290,47301,46634,46103,49873,45281,49809,49679,47322,48379,45101,49528,45149,48259,45867,47852,48417,
Programação II:49382,47948,49723,46935,45273,46643,48583,46324,45559,49995,48762,46370,49555,45326,48885,48142,49789,48505,46376,45760,47416,49056,45676,49230,48249,
Sistemas Operativos:46585,45571,49012,46590,46457,47923,49443,46012,45440,48823,47318,48053,45018,48199,49042,48414,48234,47983,49792,49278,49455,45302,49433,48624,45995,49853,45268,
Aplicações Distribuidas:49446,45065,48567,49337,49443,49587,49200,45191,48499,46658,49581,45401,48577,46858,46401,46279,49482,49244,45273,48049,
Conceção de Produto:47025,49779,45050,49623,45722,46361,45546,49019,48226,46259,45758,47553,45511,49696,48176,49392,48687,49487,48727,49887,47788,
Analise e Desenho de Software:45961,48931,49340,49402,46028,45480,47727,48408,49561,48273,45029,48716,45026,49385,46636,46210,49551,47856,46765,49136,45712,49285,
Testes de Software I:45238,48163,47997,45285,47212,48215,49584,46983,46003,48069,46167,48489,49177,48850,48293,47811,45736,46653,48410,47077,49018,
Testes de Software II:46597,45305,47193,49088,49312,47345,46921,47681,46598,45537,45628,47060,45095,46135,47743,46539,49953,46872,49826,49710,46372,49481,46773,
IoT I:47475,47002,45446,48648,46925,48997,47882,46338,47699,49678,45923,49929,47407,45165,45129,49141,45433,49023,49261,45748,45362,46217,47530,46427,46160,
IoT II:46107,46475,49359,49704,49105,46052,49668,48940,48111,46679,47933,45210,47320,45404,45645,47503,48714,45906,49354,48126,49928,45551,48173,45080,45543,48160,47713,47980,49311,
Projeto de Tecnologias de Informação:47221,49366,45501,45309,46289,46949,46307,46881,45487,46860,45704,47999,45204,49693,48365,47738,46591,46354,47085,45439,45385,47889,47032,49346,46764,
Projecto de Tecnologias de Redes:49853,47895,49094,48903,48252,49726,47011,46826,47783,48097,46895,48736,49425,47600,45726,45223,45220,48063,49343,47888,45027,48199,46780,49747,45271,
Segurança Informática:45675,45193,48334,48807,46403,48454,45387,46680,46472,46646,45388,47828,46470,46163,45862,47343,49175,49881,49624,47679,
Estatistica I:47268,45067,46684,45152,46795,47635,46797,47039,46625,48373,46335,45845,48482,49184,49354,46424,48892,48047,45406,45359,48377,45189,49776,49182,
Estatistica II:47353,48857,48368,45883,47691,49244,47203,45164,49987,49617,46457,49824,48623,45030,48277,48942,45968,48487,46664,46873,47556,45363,48596,47808,49643,48235,48734,49709,47989,
Redes de Computadores:46475,48028,49904,49921,49125,45521,45839,48134,48364,48722,45364,49916,49965,46587,49154,47893,47156,46488,46298,46946,49639,47027,48623,
