Elementos de Matematica I:47006,45811,47444,46836,47891,45506,45481,46548,48332,48375,45507,48033,46522,48094,48909,45320,49882,49813,47772,48323,49367,46224,47379,45817,45767,46499,47604,47549,46020,
Elementos de Matematica II:49076,47931,46225,46928,48444,46477,48754,48388,48089,48128,48383,48773,49815,49729,49468,48968,46830,46906,47006,49952,47354,49846,46296,47420,46662,46431,49745,
Fisica I:47357,47275,49314,48175,49737,48279,49530,45090,49882,49724,46825,47117,49050,47480,48444,45585,48442,47149,46732,47386,45970,48223,48262,48584,46638,
Fisica II:47379,49581,48765,46826,48223,49621,46547,48919,46123,47331,45172,45927,46650,47042,47190,47634,47555,47307,45919,45570,45536,49572,46050,45969,49132,49635,
Programação I:45052,48203,49176,49390,49587,48100,48265,48677,48987,49388,49545,48332,49914,49511,46029,45426,48812,49143,49554,48642,47312,46445,49688,
Programação II:45053,47847,46863,47093,48383,49445,49929,47893,48355,45323,46437,49444,49266,46063,46782,47540,46249,47319,48393,45132,47958,47835,48528,
Sistemas Operativos:49795,45524,46528,45939,48088,46815,47593,49757,46678,48050,46014,45482,48332,46072,45719,47533,46551,47962,48463,46045,45411,
Aplicações Distribuidas:47620,47628,45943,45746,46711,45837,48240,46381,45142,48399,48967,49279,49539,47028,48841,46433,46069,48220,46120,49772,45587,47849,45936,49244,46250,48714,46765,49587,46078,
Conceção de Produto:47460,48761,49721,46112,47259,45894,45293,49104,47130,45822,48776,46942,46422,45967,48591,48906,45482,46792,45304,49844,46181,47229,48007,48264,49509,49890,47341,46386,45960,45645,
Analise e Desenho de Software:46789,49367,45582,48416,45151,47247,45654,49606,49064,48853,46939,49705,46899,46307,46729,45672,45490,48982,47677,46359,49488,45639,45012,
Testes de Software I:47797,45287,49437,48721,46189,48849,46595,47878,45701,48933,49027,49473,45468,48151,45472,45769,47184,47608,48306,45583,45957,49606,49314,47555,47719,45616,45486,45515,46654,
Testes de Software II:49153,49932,46609,46682,48704,46697,47860,49012,49990,49582,48652,49509,47895,45541,45070,46683,49930,48447,49436,47237,46409,49917,46196,
IoT I:49195,48377,45744,45215,48260,45155,49985,46835,48036,45624,45014,45498,45022,48140,49212,46199,46337,48014,45251,49787,47394,49336,45158,46818,48652,47085,47060,47121,48403,47669,
IoT II:49837,48437,45220,47521,46937,45607,45529,45745,48136,47093,49358,47056,49954,46946,48736,47854,47332,49279,49865,45036,46024,45885,45965,47149,49241,49418,47163,49213,
Projeto de Tecnologias de Informação:47802,45038,45641,48588,45539,46281,45138,46721,49894,48677,49693,49885,49339,47021,46724,48322,46024,49928,45836,45520,45379,46220,49966,49390,49443,46984,
Projecto de Tecnologias de Redes:49871,48795,46503,47196,48448,49244,45724,46758,46193,48835,48346,48001,45158,46591,47632,46450,49519,47833,49109,49548,45751,48773,46265,49021,48206,49065,49507,48331,49714,
Segurança Informática:49811,48818,48444,46166,45570,46452,46214,49961,47460,48764,47383,47013,48058,47859,48538,46108,46672,47433,48492,47085,45986,45279,47198,46303,47056,49510,47944,
Estatistica I:49801,48431,48911,45852,49012,47012,46994,46062,46663,49302,47800,45171,48690,49619,47514,45950,45782,48796,47630,49646,49220,
Estatistica II:47167,46487,47243,48687,46057,49635,46664,46932,47204,46402,49106,46717,46616,45221,45918,45379,49224,49771,46110,45524,46099,48032,
Redes de Computadores:49959,46759,46090,48285,45310,49369,45507,48651,48112,45742,47495,45214,47153,45896,46765,47871,48358,46233,48806,48858,
